05/10/2026 00:34:14
-3832490
-4738640
-4893990

04/10/2026 12:42:39
-1077360
-1077490
-1077680
-1077850
-1078130
-1078340
-1078360
-1078460
-1078510
-1078770
-1079000
-1079050
-1079860
-1079870
-1079970
-1080040
-1080130
-1080360
-1081040
-1081110
-1081260
-1081340
-1081430
-1081540
-1081850
-1081890
-1081910
-1082000
-1082730
-1082940
-1083190
-1083270
-1083480
-1083810
-1083850
-1083971
-1084010
-1084090
-1084360
-1084440
-1084910
-1084920
-1084930
-1085040
-1085090
-1085210
-1085540
-1085990
-1086060
-1086260
-2276810
-2845430
-3038250
-3153280
-3412490
-4014460
-4301910
-4614210
-4655360
-4833770
-5023770
-5059400
-5189090
-5203160
-5326740

03/10/2026 12:10:34
-1130380
-3418920
-3942570
-4183870
-4890770
-4942390
-4956970
-5158840
-764420

03/10/2026 01:36:16
-1068700
-1068720
-1068840
-1069250
-1069490
-1069850
-1069970
-1070030
-1070110
-1070180
-1070440
-1070510
-1070770
-1070850
-1071070
-1071170
-1071260
-1071510
-1071600
-1071620
-1071920
-1071940
-1072710
-1072890
-1073040
-1073140
-1073280
-1073410
-1073610
-1073620
-1073640
-1073990
-1074040
-1074300
-1074440
-1074500
-1074510
-1074530
-1074690
-1074700
-1075480
-1075910
-1076300
-1076360
-1076640
-1076830
-1076940
-1077090
-1077230
-1077320
-5309180

02/10/2026 12:27:56
-2067820
-4343910
-4375880
-4535430

02/10/2026 02:10:20
-1060980
-1061200
-1061240
-1061390
-1061600
-1061620
-1061790
-1061920
-1062020
-1062210
-1062480
-1063060
-1063110
-1063830
-1063860
-1063960
-1063990
-1064080
-1064090
-1064100
-1064480
-1064580
-1064660
-1064690
-1064960
-1065020
-1065210
-1065250
-1065460
-1065650
-1065690
-1065770
-1065870
-1065930
-1066210
-1066240
-1066470
-1066700
-1066930
-1067050
-1067060
-1067100
-1067270
-1067390
-1067760
-1068150
-1068210
-1068480
-1068520
-1068530
-3010850
-3841510

01/10/2026 12:35:49
-1488490
-1706510
-2697670
-2902740
-3393110
-3479420
-3582120
-3681780
-3725800
-4415120
-4502140
-4601120
-4884960
-5064340
-5196540

01/10/2026 01:44:16
-1057460
-1057560
-1057730
-1057980
-1058220
-1058470
-1058510
-1058560
-1058680
-1058740
-1059080
-1059420
-1059740
-1059840
-1060110
-1060170
-1060400
-1060460
-1060470
-1060550
-1060560
-1060630
-1060690
-1060770
-1060870

30/09/2026 12:23:42
-1572260
-1611690
-2521160
-2900640
-3110450
-3464000
-3493540
-3541630
-3887120
-3917700
-4096590
-4320620
-4391650
-4613180
-4661020
-4766080
-4918300
-4919110
-4980490
-5085740
-5096680
-5218460
-5233900

30/09/2026 01:48:24
-1051600
-1051830
-1051850
-1051920
-1051940
-1052100
-1052390
-1052420
-1052470
-1052550
-1052660
-1052850
-1053020
-1053170
-1053330
-1053730
-1053750
-1053820
-1053920
-1054050
-1054180
-1054240
-1054250
-1054590
-1054620
-1054640
-1054660
-1054700
-1054900
-1055000
-1055020
-1055160
-1055280
-1055360
-1055460
-1055690
-1055770
-1055780
-1055940
-1055950
-1055960
-1056010
-1056060
-1056080
-1056140
-1056170
-1056330
-1056480
-1056660
-1056720
-1912410
-3599690
-4705510

29/09/2026 03:22:41
-1043480
-1043560
-1043580
-1043610
-1043860
-1044020
-1044070
-1044170
-1044340
-1044410
-1044460
-1044820
-1044840
-1044920
-1045300
-1045650
-1046060
-1046070
-1046110
-1046350
-1046570
-1046740
-1046750
-1046930
-1047020
-1047090
-1047110
-1047240
-1047340
-1047750
-1047950
-1048020
-1048040
-1048260
-1048410
-1048470
-1048880
-1048960
-1049070
-1049080
-1049370
-1049930
-1050520
-1050540
-1050720
-1050850
-1051270
-1051280
-1051330
-1051470
-1785730
-3184640
-4169160
-5206350

28/09/2026 12:06:47
-1232470
-1263410
-3664090
-3972410
-4128680
-4369580
-4778540
-4940570
-4964580
-4986250
-5043180
-5086380
-5099160
-5121690
-5198170
-5228310
-5230220

28/09/2026 00:33:54
-1033250
-1033370
-1033780
-1034200
-1034390
-1034440
-1034820
-1034920
-1035190
-1035220
-1035270
-1035550
-1035770
-1035860
-1036000
-1036330
-1036400
-1036460
-1036530
-1036600
-1037010
-1037100
-1037190
-1037340
-1037420
-1037690
-1037750
-1037950
-1038100
-1038380
-1039040
-1039060
-1039320
-1039430
-1039910
-1040000
-1040590
-1040740
-1040750
-1040910
-1041130
-1041940
-1042010
-1042100
-1042130
-1042160
-1043020
-1043150
-1043360
-1043450

27/09/2026 12:05:45
-1833080
-3653680
-4250500
-4393370
-4694270
-4913010
-5080530
-5092810
